alsa_card.pci-0000:00:1b.0:input:analog-input-internal-mic mute:0 volumes:2,0.015852,0.015852
alsa_card.pci-0000:00:1b.0:output:analog-output-speaker mute:0 volumes:2,1.000000,1.000000
alsa_card.pci-0000:00:1b.0:output:analog-output-headphones mute:0 volumes:2,1.000000,1.000000
alsa_card.pci-0000:00:1b.0:input:analog-input-mic mute:0 volumes:2,0.015852,0.015852
